# Created by Octave 10.3.0, Sun Feb 01 09:40:17 2026 EST <josh@Joshuas-MacBook-Pro-3.local>
# name: A
# type: matrix
# rows: 6
# columns: 3
 -1.8496149405209947e-110 -3.2732986940664311e-111 4.8266874305154506e-112
 -1.1956954426984069e-110 -2.1160449377122431e-111 3.1202430512742344e-112
 -2.0136874792474661e-111 -3.5636609791850587e-112 5.2548451688726393e-113
 -2.9261873688936669e-111 -5.1785293729665654e-112 7.6360714234207088e-113
 4.9433480607438329e-111 8.7483369644643957e-112 -1.2899980109541549e-112
 1.7701291897438448e-111 3.1326312494567615e-112 -4.6192643547469542e-113


# name: S
# type: matrix
# rows: 3
# columns: 10
 3.3442284097185627e-109 -5.1228221681258177e-110 3.956689818538931e-109 -1.8038416943858123e-109 9.4356318334364727e-110 1.9400008471890325e-109 -3.2531797524721536e-109 -4.2236112250132484e-109 3.2768222778345952e-109 -3.6683896479409709e-109
 5.9183443817984168e-110 -9.0659554620943898e-111 7.0022289451407288e-110 -3.1922928257280785e-110 1.6698416447438319e-110 3.4332562580167773e-110 -5.7572138480778678e-110 -7.474604813479125e-110 5.7990544738305714e-110 -6.4920186700358187e-110
 -8.7269756059552894e-111 1.3368328506467715e-111 -1.0325232382382916e-110 4.7072390111416756e-111 -2.4622878206504065e-111 -5.0625549405498995e-111 8.4893783891744303e-111 1.1021780694711692e-110 -8.5510750474182916e-111 9.5728948512822304e-111


# name: Mu
# type: matrix
# rows: 6
# columns: 1
 -0.25560710524816133
 0.29390952321315927
 0.44943922134794045
 -0.074253197562999737
 0.28140103537553557
 -0.10169760490953113


# name: V
# type: scalar
1.0818938971651519


# name: Av
# type: cell
# rows: 1
# columns: 6
# name: <cell-element>
# type: matrix
# rows: 3
# columns: 3
 0.0062791208390169219 1.4006573560967441e-13 1.07384225941746e-15
 1.4006573606789749e-13 0.006279121005610417 -2.6073508262276317e-13
 1.0738422642633393e-15 -2.607350831138385e-13 0.0062791211370593087



# name: <cell-element>
# type: matrix
# rows: 3
# columns: 3
 0.0063160077564202704 1.2753172230375882e-13 9.7775012989926713e-16
 1.2753172272704715e-13 0.0063160079249722622 -2.3743055827984341e-13
 9.7775013487321402e-16 -2.3743055882303884e-13 0.0063160080579609717



# name: <cell-element>
# type: matrix
# rows: 3
# columns: 3
 0.0063533331680218604 1.1469145510957597e-13 8.7898962458053473e-16
 1.1469145562764309e-13 0.0063533333385671536 -2.1353419540629988e-13
 8.7898962828190717e-16 -2.1353419593131268e-13 0.0063533334731229853



# name: <cell-element>
# type: matrix
# rows: 3
# columns: 3
 0.0063908843082790432 1.015403122391237e-13 7.7807246630923723e-16
 1.0154031274313284e-13 0.0063908844808465226 -1.8904972394687208e-13
 7.7807246927202011e-16 -1.8904972438466e-13 0.006390884616994533



# name: <cell-element>
# type: matrix
# rows: 3
# columns: 3
 0.0062791208390169219 1.4006573560967441e-13 1.07384225941746e-15
 1.4006573606789749e-13 0.006279121005610417 -2.6073508262276317e-13
 1.0738422642633393e-15 -2.607350831138385e-13 0.0062791211370593087



# name: <cell-element>
# type: matrix
# rows: 3
# columns: 3
 0.0063906662539860324 1.0154468901304302e-13 7.7834083417918834e-16
 1.0154468928843805e-13 0.0063906664265467724 -1.8904834703079028e-13
 7.7834083740161592e-16 -1.8904834741140297e-13 0.0063906665626918624





# name: Muv
# type: matrix
# rows: 6
# columns: 1
 0.061552162755982062
 0.065265299380246111
 0.069455186202864214
 0.074219941073071338
 0.061552162755982062
 0.074219941073071338


# name: Sv
# type: cell
# rows: 1
# columns: 5
# name: <cell-element>
# type: matrix
# rows: 3
# columns: 3
 1.0062724674657193 -3.8469195508713222e-10 -2.949253047720818e-12
 -3.8469195618102332e-10 1.0062724673417407 7.1535796994070227e-10
 -2.9492530457961861e-12 7.1535796868411007e-10 1.0062724670943659



# name: <cell-element>
# type: matrix
# rows: 3
# columns: 3
 1.0063065902938619 -3.8468420953992173e-10 -2.9534884996995312e-12
 -3.8468420888393948e-10 1.0063065901681714 7.1564373956120099e-10
 -2.9534885165817224e-12 7.1564373926287168e-10 1.0063065899190853



# name: <cell-element>
# type: matrix
# rows: 3
# columns: 3
 1.0005649043575351 -3.8437701319272121e-10 -2.9492223724647601e-12
 -3.8437701372779881e-10 1.0005649043635105 7.1562496231888279e-10
 -2.9492223931915406e-12 7.1562496479424714e-10 1.0005649042814904



# name: <cell-element>
# type: matrix
# rows: 3
# columns: 3
 1.0005647084177898 -3.8437699122883465e-10 -2.9492152955552895e-12
 -3.843769933210569e-10 1.0005647084237685 7.1562460386804665e-10
 -2.9492153203214305e-12 7.1562460619260419e-10 1.0005647083417537



# name: <cell-element>
# type: matrix
# rows: 3
# columns: 3
 0.99485500771201529 -3.8405956874580669e-10 -2.9406365972100385e-12
 -3.8405957076387613e-10 0.994855007848366 7.1527471168242461e-10
 -2.9406366049282899e-12 7.1527471373341656e-10 0.99485500793131421





# name: Isv
# type: matrix
# rows: 10
# columns: 1
 2
 4
 5
 2
 4
 1
 5
 3
 5
 5


# name: Va
# type: matrix
# rows: 1
# columns: 3
 0.0066660038683661804 0.0066660040561288929 0.006666004204247942


# name: Vmu
# type: scalar
0.14278914754372271


# name: lc
# type: scalar struct
# ndims: 2
 1 1
# length: 4
# name: rms
# type: matrix
# rows: 1
# columns: 206
 0.98001971679231292 0.91978080567670217 0.92667550212771832 0.94078478488579398 0.95094603138565226 0.95759615847339874 0.96178684347832533 0.96438196649936647 0.96597454942678895 0.96694756887570832 0.96754122274943744 0.96790366646927872 0.96812540734054331 0.96826146598098273 0.96834523714936849 0.96839700352057967 0.96842911073560212 0.96844909663052248 0.96846158026949425 0.96846940313208585 0.96847432008815637 0.96847741913165208 0.96847937731829681 0.96848061746379976 0.96848140448258746 0.96848190486162133 0.96848222352260305 0.96848242675623775 0.96848255654205673 0.96848263951923719 0.96848269262371744 0.96848272664040957 0.9684827484473354 0.96848276243665088 0.96848277141633643 0.96848277718341291 0.96848278088895068 0.96848278327084503 0.96848278480245098 0.96848278578760738 0.96848278642144781 0.96848278682935018 0.96848278709190561 0.96848278726093506 0.96848278736977078 0.96848278743985794 0.96848278748499739 0.96848278751407213 0.96848278753280137 0.96848278754486705 0.9684827875526405 0.96848278755764894 0.96848278756087602 0.96848278756295536 0.96848278756429529 0.96848278756515882 0.96848278756571515 0.96848278756607376 0.9684827875663049 0.9684827875664539 0.96848278756654982 0.96848278756661177 0.9684827875666514 0.96848278756667716 0.9684827875666937 0.96848278756670447 0.96848278756671136 0.96848278756671569 0.96848278756671857 0.96848278756672046 0.96848278756672168 0.96848278756672246 0.9684827875667229 0.96848278756672324 0.96848278756672335 0.96848278756672357 0.96848278756672368 0.96848278756672379 0.96848278756672379 0.96848278756672379 0.96848278756672379 0.96848278756672379 0.96848278756672379 0.96848278756672379 0.96848278756672379 0.96848278756672379 0.96848278756672379 0.96848278756672379 0.96848278756672379 0.96848278756672379 0.96848278756672379 0.96848278756672379 0.96848278756672379 0.96848278756672379 0.96848278756672379 0.96848278756672379 0.96848278756672379 0.96848278756672379 0.96848278756672379 0.96848278756672379 0.96848278756672379 0.98086987912754686 0.98753058183706754 0.99179844440122489 0.99463552985852266 0.99647839783700698 0.99764933012117474 0.99837311872695833 0.99880084121867707 0.99903348458393104 0.99913884523630203 0.9991626282049777 0.99913566608768789 0.99907867730935873 0.99900545843876376 0.99892505888679162 0.99884327845427978 0.99876370495823164 0.9986884346834155 0.99861857193652936 0.99855457395767688 0.99849648741775199 0.99844410902434688 0.99839709320375125 0.99835502308670487 0.99831745624124113 0.99828395319203544 0.99825409434520551 0.9982274892206946 0.99820378068135585 0.99818264599499196 0.99816379596938754 0.9981469729862984 0.99813194847494968 0.99811852017056646 0.99810650937157641 0.99809575832105457 0.99808612778010675 0.99807749482364594 0.99806975086573291 0.99806279990771996 0.9980565569946438 0.99805094686151363 0.99804590274984306 0.99804136537499322 0.99803728202599062 0.99803360578102285 0.99803029482352779 0.99802731184553239 0.99802462352654531 0.99802220007783182 0.99802001484326808 0.99801804394918192 0.99801626599665094 0.99801466179064124 0.99801321410116595 0.99801190745232027 0.99801072793563306 0.99800966304466354 0.99800870152820798 0.99800783325982634 0.99800704912172367 0.99800634090126661 0.99800570119865439 0.99800512334444846 0.99800460132583146 0.9980041297206087 0.99800370363808721 0.99800331866607273 0.99800297082331491 0.99800265651681352 0.99800237250346424 0.99800211585558152 0.9980018839298932 0.99800167433964226 0.99800148492947438 0.99800131375282375 0.99800115905154152 0.99800101923753881 0.99800089287623983 0.99800077867166281 0.99800067545296622 0.99800058216231091 0.99800049784391143 0.99800042163415481 0.99800035275268284 0.99800029049434269 0.99800023422191941 0.99800018335957563 0.99800013738692561 0.99800009583368554 0.99800005827484128 0.9980000243262831 0.99799999364086422 0.99799996590483797 0.9979999408346415 0.99799991817398825 0.99799989769124164 0.99799987917704269 0.99799986244216488 0.99799984731557767 0.99799983364269507 0.99799982128379383 0.99799981011258376 0.99799980001491495 0.99799979088761137


# name: prms
# type: matrix
# rows: 1
# columns: 206
 NaN NaN NaN NaN NaN NaN NaN NaN NaN NaN NaN NaN NaN NaN NaN NaN NaN NaN NaN NaN NaN NaN NaN NaN NaN NaN NaN NaN NaN NaN NaN NaN NaN NaN NaN NaN NaN NaN NaN NaN NaN NaN NaN NaN NaN NaN NaN NaN NaN NaN NaN NaN NaN NaN NaN NaN NaN NaN NaN NaN NaN NaN NaN NaN NaN NaN NaN NaN NaN NaN NaN NaN NaN NaN NaN NaN NaN NaN NaN NaN NaN NaN NaN NaN NaN NaN NaN NaN NaN NaN NaN NaN NaN NaN NaN NaN NaN NaN NaN NaN NaN NaN NaN NaN NaN NaN NaN NaN NaN NaN NaN NaN NaN NaN NaN NaN NaN NaN NaN NaN NaN NaN NaN NaN NaN NaN NaN NaN NaN NaN NaN NaN NaN NaN NaN NaN NaN NaN NaN NaN NaN NaN NaN NaN NaN NaN NaN NaN NaN NaN NaN NaN NaN NaN NaN NaN NaN NaN NaN NaN NaN NaN NaN NaN NaN NaN NaN NaN NaN NaN NaN NaN NaN NaN NaN NaN NaN NaN NaN NaN NaN NaN NaN NaN NaN NaN NaN NaN NaN NaN NaN NaN NaN NaN NaN NaN NaN NaN NaN NaN NaN NaN NaN NaN NaN NaN


# name: time
# type: matrix
# rows: 1
# columns: 206
 0 0.0027089118957519531 0.0060279369354248047 0.0092089176177978516 0.012428998947143555 0.016326904296875 0.019615888595581055 0.02278590202331543 0.026702880859375 0.030330896377563477 0.033857822418212891 0.037400960922241211 0.040963888168334961 0.044440984725952148 0.048032999038696289 0.051721811294555664 0.055163860321044922 0.058681964874267578 0.062552928924560547 0.065876007080078125 0.06937098503112793 0.073009967803955078 0.076187849044799805 0.079649925231933594 0.083267927169799805 0.08648991584777832 0.090024948120117188 0.093722820281982422 0.097180843353271484 0.10092592239379883 0.10447502136230469 0.10780692100524902 0.11178493499755859 0.11501193046569824 0.11822700500488281 0.12143898010253906 0.12463998794555664 0.12790989875793457 0.13168191909790039 0.13513588905334473 0.13856196403503418 0.14194989204406738 0.14538192749023438 0.14870285987854004 0.15214395523071289 0.15550684928894043 0.15897583961486816 0.16244292259216309 0.16583585739135742 0.16950488090515137 0.17278099060058594 0.17598891258239746 0.17945694923400879 0.18326282501220703 0.18650698661804199 0.19006896018981934 0.19356083869934082 0.19683694839477539 0.20047593116760254 0.20374488830566406 0.2070009708404541 0.21054792404174805 0.21388387680053711 0.21718788146972656 0.22108101844787598 0.22491192817687988 0.22843694686889648 0.231658935546875 0.23491096496582031 0.23819279670715332 0.24222898483276367 0.24551200866699219 0.24871993064880371 0.25211286544799805 0.25625991821289062 0.25991702079772949 0.26352286338806152 0.26699995994567871 0.2704160213470459 0.27382898330688477 0.27739500999450684 0.28083181381225586 0.28429484367370605 0.28775191307067871 0.29116392135620117 0.2945408821105957 0.29789996147155762 0.30131888389587402 0.30475902557373047 0.30826902389526367 0.31166887283325195 0.31505393981933594 0.31848597526550293 0.321929931640625 0.32538986206054688 0.32882595062255859 0.33221697807312012 0.33569884300231934 0.33906698226928711 0.34250283241271973 0.3460237979888916 0.34950494766235352 0.35293102264404297 0.35633397102355957 0.35978293418884277 0.36315703392028809 0.36663579940795898 0.37006187438964844 0.37346196174621582 0.37689685821533203 0.38027596473693848 0.38369894027709961 0.38712382316589355 0.39052391052246094 0.39391303062438965 0.39729189872741699 0.40069794654846191 0.40410590171813965 0.40752291679382324 0.41087985038757324 0.41422390937805176 0.41762089729309082 0.4210059642791748 0.42436099052429199 0.42770981788635254 0.43107390403747559 0.43442797660827637 0.43778085708618164 0.44115591049194336 0.44451284408569336 0.44787096977233887 0.45122480392456055 0.4545748233795166 0.45795297622680664 0.46146488189697266 0.46500301361083984 0.46859383583068848 0.47202682495117188 0.47543597221374512 0.47885680198669434 0.48226594924926758 0.48565793037414551 0.48907184600830078 0.49247002601623535 0.49585795402526855 0.49926495552062988 0.50268197059631348 0.50616884231567383 0.50959181785583496 0.51302289962768555 0.51645684242248535 0.51987099647521973 0.52330493927001953 0.52671694755554199 0.53015995025634766 0.5335688591003418 0.53697395324707031 0.54039502143859863 0.54383993148803711 0.54724383354187012 0.55069279670715332 0.55410480499267578 0.55754685401916504 0.56094503402709961 0.5643470287322998 0.56783485412597656 0.57124996185302734 0.57464194297790527 0.57816290855407715 0.58166289329528809 0.58507180213928223 0.58848881721496582 0.59189701080322266 0.5953369140625 0.59877896308898926 0.60216999053955078 0.60560393333435059 0.60903596878051758 0.61243700981140137 0.61585402488708496 0.61925196647644043 0.62263894081115723 0.62603282928466797 0.62942385673522949 0.63281083106994629 0.63621401786804199 0.6396028995513916 0.64299583435058594 0.64637494087219238 0.6497948169708252 0.65318894386291504 0.65659499168395996 0.65998387336730957 0.66340398788452148 0.66679596900939941 0.67019796371459961 0.67360901832580566 0.6770169734954834 0.68042588233947754 0.68382692337036133 0.68727803230285645 0.69072699546813965 0.69415497779846191 0.69757390022277832 0.70104193687438965 0.7044978141784668


# name: cost
# type: scalar
NaN




# name: Ir
# type: lazy_index
# name: index_value
# type: matrix
# rows: 6
# columns: 1
 1
 2
 3
 4
 5
 6




# name: Ic
# type: lazy_index
# name: index_value
# type: matrix
# rows: 1
# columns: 10
 1 2 3 4 5 6 7 8 9 10




# name: n1x
# type: scalar
6


# name: n2x
# type: scalar
10


# name: n1
# type: scalar
6


# name: n2
# type: scalar
10


