# Created by Octave 10.3.0, Sun Feb 01 10:17:44 2026 EST <josh@Joshuas-MacBook-Pro-3.local>
# name: A
# type: matrix
# rows: 6
# columns: 3
 -0.60794784701569926 0.36047927466807322 -1.0987598690613454
 0.069190384348391684 -0.013614447394350734 -0.077281305257549199
 0.78693057159120461 -0.19440231882885173 1.0120113873423124
 0.0056356904591220065 0.01669517385104784 -0.023585965894785295
 0.039351925036025255 0.1606132903299585 -0.36140659907638945
 -0.20826385611495546 0.14813040329816296 -0.35786254090843372


# name: S
# type: matrix
# rows: 3
# columns: 10
 0.5141859548175951 -0.11277087565015841 0.039624367517900702 0.080330416441195332 0.21881831340782101 -0.17152809962675802 -0.23635174422378175 0.046600972452191081 -0.3838111062286832 0.0047541930605510818
 -0.20363564841971576 0.040344201909447916 -0.073749766041168285 0.09443560983929522 -0.044211000830763077 0.032941356975276753 0.030989101039497115 -0.15842526719698924 0.14194071381548712 0.13947080685567206
 0.66194828056209842 -0.073578460013659391 0.12876271380160825 0.0043696869966304095 0.26839471438639539 -0.22729139525265113 -0.24625147575966233 0.41164882360851768 -0.620876049105623 -0.30743412961239353


# name: Mu
# type: matrix
# rows: 6
# columns: 1
 -0.5888190797814008
 0.25377644092144941
 0.39984975350024171
 -0.67829443120790234
 0.36657519790076032
 0.74420305095759209


# name: V
# type: scalar
0.89386357705401032


# name: Av
# type: cell
# rows: 1
# columns: 6
# name: <cell-element>
# type: matrix
# rows: 3
# columns: 3
 0.30352318559918723 0.0042799309685150923 -0.01437968250648825
 0.0042799309685150923 0.31029787245676937 0.0065114353337590155
 -0.01437968250648825 0.0065114353337590155 0.28921477210366114



# name: <cell-element>
# type: matrix
# rows: 3
# columns: 3
 0.30352318559918723 0.0042799309685150923 -0.01437968250648825
 0.0042799309685150923 0.31029787245676937 0.0065114353337590155
 -0.01437968250648825 0.0065114353337590155 0.28921477210366114



# name: <cell-element>
# type: matrix
# rows: 3
# columns: 3
 0.30352318559918723 0.0042799309685150923 -0.01437968250648825
 0.0042799309685150923 0.31029787245676937 0.0065114353337590155
 -0.01437968250648825 0.0065114353337590155 0.28921477210366114



# name: <cell-element>
# type: matrix
# rows: 3
# columns: 3
 0.30352318559918723 0.0042799309685150923 -0.01437968250648825
 0.0042799309685150923 0.31029787245676937 0.0065114353337590155
 -0.01437968250648825 0.0065114353337590155 0.28921477210366114



# name: <cell-element>
# type: matrix
# rows: 3
# columns: 3
 0.30352318559918723 0.0042799309685150923 -0.01437968250648825
 0.0042799309685150923 0.31029787245676937 0.0065114353337590155
 -0.01437968250648825 0.0065114353337590155 0.28921477210366114



# name: <cell-element>
# type: matrix
# rows: 3
# columns: 3
 0.30352318559918723 0.0042799309685150923 -0.01437968250648825
 0.0042799309685150923 0.31029787245676937 0.0065114353337590155
 -0.01437968250648825 0.0065114353337590155 0.28921477210366114





# name: Muv
# type: matrix
# rows: 6
# columns: 1
 0.092045203368216366
 0.092045203368216366
 0.092045203368216366
 0.092045203368216366
 0.092045203368216366
 0.092045203368216366


# name: Sv
# type: cell
# rows: 1
# columns: 10
# name: <cell-element>
# type: matrix
# rows: 3
# columns: 3
 0.24719665488836259 0.014330557608079983 -0.061385621027361947
 0.014330557608079983 0.28416243560292481 0.030097214635214128
 -0.061385621027361947 0.030097214635214128 0.18971022783155647



# name: <cell-element>
# type: matrix
# rows: 3
# columns: 3
 0.24719665488836259 0.014330557608079983 -0.061385621027361947
 0.014330557608079983 0.28416243560292481 0.030097214635214128
 -0.061385621027361947 0.030097214635214128 0.18971022783155647



# name: <cell-element>
# type: matrix
# rows: 3
# columns: 3
 0.24719665488836259 0.014330557608079983 -0.061385621027361947
 0.014330557608079983 0.28416243560292481 0.030097214635214128
 -0.061385621027361947 0.030097214635214128 0.18971022783155647



# name: <cell-element>
# type: matrix
# rows: 3
# columns: 3
 0.24719665488836259 0.014330557608079983 -0.061385621027361947
 0.014330557608079983 0.28416243560292481 0.030097214635214128
 -0.061385621027361947 0.030097214635214128 0.18971022783155647



# name: <cell-element>
# type: matrix
# rows: 3
# columns: 3
 0.24719665488836259 0.014330557608079983 -0.061385621027361947
 0.014330557608079983 0.28416243560292481 0.030097214635214128
 -0.061385621027361947 0.030097214635214128 0.18971022783155647



# name: <cell-element>
# type: matrix
# rows: 3
# columns: 3
 0.24719665488836259 0.014330557608079983 -0.061385621027361947
 0.014330557608079983 0.28416243560292481 0.030097214635214128
 -0.061385621027361947 0.030097214635214128 0.18971022783155647



# name: <cell-element>
# type: matrix
# rows: 3
# columns: 3
 0.24719665488836259 0.014330557608079983 -0.061385621027361947
 0.014330557608079983 0.28416243560292481 0.030097214635214128
 -0.061385621027361947 0.030097214635214128 0.18971022783155647



# name: <cell-element>
# type: matrix
# rows: 3
# columns: 3
 0.24719665488836259 0.014330557608079983 -0.061385621027361947
 0.014330557608079983 0.28416243560292481 0.030097214635214128
 -0.061385621027361947 0.030097214635214128 0.18971022783155647



# name: <cell-element>
# type: matrix
# rows: 3
# columns: 3
 0.24719665488836259 0.014330557608079983 -0.061385621027361947
 0.014330557608079983 0.28416243560292481 0.030097214635214128
 -0.061385621027361947 0.030097214635214128 0.18971022783155647



# name: <cell-element>
# type: matrix
# rows: 3
# columns: 3
 0.24719665488836259 0.014330557608079983 -0.061385621027361947
 0.014330557608079983 0.28416243560292481 0.030097214635214128
 -0.061385621027361947 0.030097214635214128 0.18971022783155647





# name: Isv
# type: matrix
# rows: 0
# columns: 0


# name: Va
# type: matrix
# rows: 1
# columns: 3
 1000 1000 1000


# name: Vmu
# type: scalar
1000


# name: lc
# type: scalar struct
# ndims: 2
 1 1
# length: 4
# name: rms
# type: matrix
# rows: 1
# columns: 6
 1.1078324648251896 0.78602964581621249 0.71454379338402352 0.67676440437512897 0.664082187890217 0.65864979257293144


# name: prms
# type: matrix
# rows: 1
# columns: 6
 NaN NaN NaN NaN NaN NaN


# name: time
# type: matrix
# rows: 1
# columns: 6
 0 0.0029709339141845703 0.0067498683929443359 0.0107879638671875 0.014615774154663086 0.018432855606079102


# name: cost
# type: scalar
NaN




# name: Ir
# type: lazy_index
# name: index_value
# type: matrix
# rows: 6
# columns: 1
 1
 2
 3
 4
 5
 6




# name: Ic
# type: lazy_index
# name: index_value
# type: matrix
# rows: 1
# columns: 10
 1 2 3 4 5 6 7 8 9 10




# name: n1x
# type: scalar
6


# name: n2x
# type: scalar
10


# name: n1
# type: scalar
6


# name: n2
# type: scalar
10


