# Created by Octave 10.3.0, Sun Feb 01 09:40:17 2026 EST <josh@Joshuas-MacBook-Pro-3.local>
# name: A
# type: matrix
# rows: 6
# columns: 3
 -1.8496149405209947e-110 -3.2732986940664311e-111 4.8266874305154506e-112
 -1.1956954426984069e-110 -2.1160449377122431e-111 3.1202430512742344e-112
 -2.0136874792474661e-111 -3.5636609791850587e-112 5.2548451688726393e-113
 -2.9261873688936669e-111 -5.1785293729665654e-112 7.6360714234207088e-113
 4.9433480607438329e-111 8.7483369644643957e-112 -1.2899980109541549e-112
 1.7701291897438448e-111 3.1326312494567615e-112 -4.6192643547469542e-113


# name: S
# type: matrix
# rows: 3
# columns: 10
 3.3442284097185627e-109 -5.1228221681258177e-110 3.956689818538931e-109 -1.8038416943858123e-109 9.4356318334364727e-110 1.9400008471890325e-109 -3.2531797524721536e-109 -4.2236112250132484e-109 3.2768222778345952e-109 -3.6683896479409709e-109
 5.9183443817984168e-110 -9.0659554620943898e-111 7.0022289451407288e-110 -3.1922928257280785e-110 1.6698416447438319e-110 3.4332562580167773e-110 -5.7572138480778678e-110 -7.474604813479125e-110 5.7990544738305714e-110 -6.4920186700358187e-110
 -8.7269756059552894e-111 1.3368328506467715e-111 -1.0325232382382916e-110 4.7072390111416756e-111 -2.4622878206504065e-111 -5.0625549405498995e-111 8.4893783891744303e-111 1.1021780694711692e-110 -8.5510750474182916e-111 9.5728948512822304e-111


# name: Mu
# type: matrix
# rows: 6
# columns: 1
 -0.25560710524816133
 0.29390952321315927
 0.44943922134794045
 -0.074253197562999737
 0.28140103537553557
 -0.10169760490953113


# name: V
# type: scalar
1.0818938971651519


# name: Av
# type: cell
# rows: 1
# columns: 6
# name: <cell-element>
# type: matrix
# rows: 3
# columns: 3
 0.0062791208390169219 1.4006573560967441e-13 1.07384225941746e-15
 1.4006573606789749e-13 0.006279121005610417 -2.6073508262276317e-13
 1.0738422642633393e-15 -2.607350831138385e-13 0.0062791211370593087



# name: <cell-element>
# type: matrix
# rows: 3
# columns: 3
 0.0063160077564202704 1.2753172230375882e-13 9.7775012989926713e-16
 1.2753172272704715e-13 0.0063160079249722622 -2.3743055827984341e-13
 9.7775013487321402e-16 -2.3743055882303884e-13 0.0063160080579609717



# name: <cell-element>
# type: matrix
# rows: 3
# columns: 3
 0.0063533331680218604 1.1469145510957597e-13 8.7898962458053473e-16
 1.1469145562764309e-13 0.0063533333385671536 -2.1353419540629988e-13
 8.7898962828190717e-16 -2.1353419593131268e-13 0.0063533334731229853



# name: <cell-element>
# type: matrix
# rows: 3
# columns: 3
 0.0063908843082790432 1.015403122391237e-13 7.7807246630923723e-16
 1.0154031274313284e-13 0.0063908844808465226 -1.8904972394687208e-13
 7.7807246927202011e-16 -1.8904972438466e-13 0.006390884616994533



# name: <cell-element>
# type: matrix
# rows: 3
# columns: 3
 0.0062791208390169219 1.4006573560967441e-13 1.07384225941746e-15
 1.4006573606789749e-13 0.006279121005610417 -2.6073508262276317e-13
 1.0738422642633393e-15 -2.607350831138385e-13 0.0062791211370593087



# name: <cell-element>
# type: matrix
# rows: 3
# columns: 3
 0.0063906662539860324 1.0154468901304302e-13 7.7834083417918834e-16
 1.0154468928843805e-13 0.0063906664265467724 -1.8904834703079028e-13
 7.7834083740161592e-16 -1.8904834741140297e-13 0.0063906665626918624





# name: Muv
# type: matrix
# rows: 6
# columns: 1
 0.061552162755982062
 0.065265299380246111
 0.069455186202864214
 0.074219941073071338
 0.061552162755982062
 0.074219941073071338


# name: Sv
# type: cell
# rows: 1
# columns: 5
# name: <cell-element>
# type: matrix
# rows: 3
# columns: 3
 1.0062724674657193 -3.8469195508713222e-10 -2.949253047720818e-12
 -3.8469195618102332e-10 1.0062724673417407 7.1535796994070227e-10
 -2.9492530457961861e-12 7.1535796868411007e-10 1.0062724670943659



# name: <cell-element>
# type: matrix
# rows: 3
# columns: 3
 1.0063065902938619 -3.8468420953992173e-10 -2.9534884996995312e-12
 -3.8468420888393948e-10 1.0063065901681714 7.1564373956120099e-10
 -2.9534885165817224e-12 7.1564373926287168e-10 1.0063065899190853



# name: <cell-element>
# type: matrix
# rows: 3
# columns: 3
 1.0005649043575351 -3.8437701319272121e-10 -2.9492223724647601e-12
 -3.8437701372779881e-10 1.0005649043635105 7.1562496231888279e-10
 -2.9492223931915406e-12 7.1562496479424714e-10 1.0005649042814904



# name: <cell-element>
# type: matrix
# rows: 3
# columns: 3
 1.0005647084177898 -3.8437699122883465e-10 -2.9492152955552895e-12
 -3.843769933210569e-10 1.0005647084237685 7.1562460386804665e-10
 -2.9492153203214305e-12 7.1562460619260419e-10 1.0005647083417537



# name: <cell-element>
# type: matrix
# rows: 3
# columns: 3
 0.99485500771201529 -3.8405956874580669e-10 -2.9406365972100385e-12
 -3.8405957076387613e-10 0.994855007848366 7.1527471168242461e-10
 -2.9406366049282899e-12 7.1527471373341656e-10 0.99485500793131421





# name: Isv
# type: matrix
# rows: 10
# columns: 1
 2
 4
 5
 2
 4
 1
 5
 3
 5
 5


# name: Va
# type: matrix
# rows: 1
# columns: 3
 0.0066660038683661804 0.0066660040561288929 0.006666004204247942


# name: Vmu
# type: scalar
0.14278914754372271


# name: lc
# type: scalar struct
# ndims: 2
 1 1
# length: 4
